100 200
0 3 91 38 43
1 5 80 44 44 18 79
2 3 67 68 71
3 4 66 94 93 48
4 1 7
5 5 35 36 8 38 58
6 1 8
7 3 32 23 82
8 2 25 91
9 3 66 14 69
10 2 69 24
11 4 44 4 47 34
12 4 59 60 6 62
13 2 70 18
14 2 78 69
15 5 25 38 40 72 65
16 5 5 6 13 92 71
17 2 45 30
18 3 52 84 43
19 3 51 47 40
20 1 76
21 4 78 38 84 48
22 4 35 24 78 7
23 1 91
24 4 52 22 42 91
25 4 89 51 4 40
26 2 36 71
27 1 32
28 3 64 25 76
29 1 49
30 2 92 65
31 5 41 19 57 13 60
32 1 84
33 1 3
34 1 69
35 5 84 0 75 73 28
36 2 25 53
37 2 15 22
38 1 53
39 3 36 56 65
40 3 90 23 55
41 4 72 47 75 79
42 2 36 59
43 5 35 23 49 57 2
44 1 78
45 3 54 46 1
46 5 71 77 86 37 86
47 5 7 20 50 88 10
48 1 22
49 5 69 29 44 68 38
50 5 94 80 19 8 85
51 4 93 55 72 62
52 3 34 30 98
53 2 93 18
54 5 35 55 97 15 20
55 2 48 70
56 5 23 93 11 14 46
57 3 11 2 56
58 1 60
59 5 59 37 49 41 7
60 4 18 94 45 40
61 2 71 91
62 1 56
63 2 82 99
64 5 69 57 42 43 45
65 5 89 99 42 26 80
66 1 70
67 3 24 51 69
68 4 75 71 90 61
69 1 74
70 5 68 93 47 88 23
71 3 12 92 42
72 5 23 76 33 63 23
73 4 5 72 40 3
74 2 10 12
75 1 15
76 5 8 26 51 83 91
77 3 19 54 73
78 5 11 90 34 53 55
79 2 95 6
80 2 12 33
81 1 66
82 3 9 46 19
83 2 9 9
84 5 9 97 57 64 44
85 5 36 60 55 64 28
86 5 54 58 85 91 11
87 1 21
88 4 83 40 85 77
89 1 13
90 2 53 12
91 1 18
92 1 34
93 4 33 91 43 2
94 4 38 54 5 3
95 4 50 58 56 39
96 4 23 23 25 5
97 2 52 25
98 4 42 97 14 15
99 1 89
SOURCE 0
