100 300
0 2 1 1 5 13
1 2 2 13 3 0
2 2 3 15 31 0
3 2 4 -3 6 12
4 5 5 6 44 20 18 3 50 15 47 14
5 3 6 9 6 19 23 10
6 2 7 17 44 1
7 3 8 -2 15 12 20 -3
8 2 9 7 33 19
9 4 10 11 53 -3 42 -1 19 11
10 2 11 1 35 8
11 3 12 17 45 -4 25 0
12 2 13 18 24 11
13 2 14 13 45 1
14 1 15 -3
15 4 16 -4 36 2 53 17 48 7
16 2 17 13 47 6
17 6 18 18 50 18 59 3 39 3 51 -1 48 11
18 7 19 16 47 12 43 20 45 8 21 15 31 -1 63 9
19 3 20 5 65 4 55 -1
20 2 21 9 31 16
21 4 22 13 44 16 43 1 32 17
22 3 23 0 41 7 62 13
23 2 24 0 43 20
24 3 25 19 39 -3 51 -4
25 3 26 9 53 10 61 19
26 5 27 10 68 2 40 13 29 8 76 17
27 4 28 8 52 20 40 14 30 8
28 5 29 4 31 15 76 19 41 0 38 7
29 2 30 12 74 17
30 2 31 11 79 9
31 3 32 13 73 -1 54 15
32 5 33 4 56 9 61 16 74 8 43 19
33 4 34 17 46 20 58 20 82 5
34 2 35 13 50 15
35 3 36 13 73 12 71 -3
36 2 37 13 51 19
37 3 38 -2 81 20 85 2
38 2 39 10 71 4
39 5 40 14 55 15 73 11 76 -1 67 8
40 1 41 12
41 5 42 3 65 3 67 12 42 19 89 4
42 5 43 19 74 -2 55 1 53 14 74 10
43 4 44 3 44 6 46 16 53 -3
44 3 45 14 72 12 64 9
45 5 46 8 60 12 57 6 68 1 86 13
46 2 47 4 75 7
47 3 48 6 54 4 81 5
48 1 49 8
49 3 50 20 99 8 87 11
50 2 51 -3 64 -2
51 2 52 10 75 17
52 6 53 11 53 4 57 -1 96 16 58 10 53 9
53 2 54 8 86 20
54 2 55 18 96 17
55 2 56 -4 90 16
56 3 57 10 61 13 80 3
57 2 58 9 81 11
58 2 59 10 60 4
59 3 60 -3 99 14 92 -2
60 4 61 3 82 5 91 4 92 -2
61 2 62 9 76 -4
62 3 63 13 67 20 97 15
63 2 64 -1 82 4
64 7 65 19 84 14 94 -2 77 19 80 1 83 -3 73 2
65 3 66 13 89 15 81 -4
66 4 67 -4 97 13 67 -2 90 15
67 2 68 0 85 3
68 5 69 15 69 15 71 -1 92 2 87 16
69 3 70 9 77 7 80 5
70 4 71 8 95 7 74 3 92 10
71 1 72 18
72 3 73 6 75 8 83 8
73 4 74 1 75 0 97 4 98 15
74 2 75 6 86 -2
75 3 76 0 92 17 99 6
76 4 77 18 95 2 78 16 94 17
77 3 78 -2 97 9 78 0
78 2 79 9 93 3
79 2 80 18 96 4
80 4 81 1 98 13 96 7 95 -1
81 3 82 20 94 16 98 16
82 3 83 6 93 13 98 17
83 2 84 17 90 7
84 3 85 -1 91 13 97 11
85 3 86 5 95 4 99 19
86 3 87 5 87 2 98 20
87 4 88 18 88 13 92 17 93 -2
88 2 89 17 95 6
89 5 90 9 90 14 99 20 95 8 96 -1
90 2 91 7 98 14
91 3 92 17 94 8 99 6
92 3 93 0 94 16 99 -2
93 4 94 5 94 14 97 -4 96 19
94 4 95 7 99 18 97 20 98 -2
95 2 96 6 96 1
96 1 97 17
97 3 98 -1 99 2 99 -4
98 2 99 12 99 2
99 0
SOURCE 0
